4.774165153503418
3.6785030364990234
4.198042869567871
3.4832139015197754
3.3326478004455566
3.406002998352051
2.950549840927124
3.095828056335449
2.6554229259490967
2.501195192337036
2.556126594543457
2.387793779373169
2.2287824153900146
2.073385715484619
1.953423261642456
1.8629109859466553
1.7732863426208496
1.674997091293335
1.5749307870864868
1.4744558334350586
1.3830488920211792
1.2966828346252441
1.2322529554367065
1.1597381830215454
1.0785479545593262
0.9979003667831421
0.9526433348655701
0.9113608598709106
0.8428288102149963
0.7695119380950928
0.7143307328224182
0.6795888543128967
0.6355988383293152
0.5887658596038818
0.5629764795303345
0.5282737612724304
0.48440560698509216
0.4397338032722473
0.41646188497543335
0.40359219908714294
0.36488890647888184
0.3236795961856842
0.29429784417152405
0.27445441484451294
0.2585394084453583
0.24806293845176697
0.23194056749343872
0.21841587126255035
0.20136012136936188
0.19086392223834991
0.1833544224500656
0.17186367511749268
0.14685766398906708
0.13139881193637848
0.12004781514406204
0.12208238244056702
0.10712895542383194
0.09435036033391953
0.09515485912561417
0.08524958789348602
0.0862114280462265
0.08222179114818573
0.08242087811231613
0.06702115386724472
0.052793003618717194
0.055487893521785736
0.056503817439079285
0.04013208672404289
0.037912093102931976
0.03961069881916046
