5.0660667
5.07713
5.1163964
5.066665
5.153807
5.025443
5.146155
5.027124
5.154773
5.160647
5.071473
5.083804
5.057056
5.0900207
5.0641565
5.027208
5.201244
5.059625
5.119268
5.019287
5.143048
5.1321654
5.152448
5.0716677
5.0125284
5.105629
5.0541186
5.134939
5.147514
5.101518
5.0367393
5.0947328
5.1037717
5.2008195
5.0347576
5.103226
5.115729
5.094031
5.084703
5.066072
5.095762
4.9537663
5.00501
5.039541
5.045132
5.0076547
5.023928
5.0203557
5.114158
5.0715275
5.0147223
5.102619
5.1059113
5.090642
5.047731
5.1435714
5.0980325
5.0156636
5.1376405
5.0829597
5.015278
5.1236057
5.0444016
5.056172
5.0324383
5.0598607
5.192351
5.133227
5.0449643
5.12029
5.0192614
5.181632
4.9671884
5.1755447
5.1653385
5.0770125
5.101395
5.18179
5.044847
5.157656
5.166231
5.015694
4.957912
5.1175876
5.042645
5.067446
5.014351
5.055468
5.0077653
5.104402
5.1684403
5.081571
5.060962
5.0882688
5.194796
5.152338
4.9052453
5.1230836
5.150712
5.0693007
5.1232057
5.0424623
5.1108136
5.0002847
5.0908723
5.072006
5.1507072
5.1123757
5.1223526
4.96848
5.140366
5.0650663
5.1135716
4.990165
5.084725
5.1553507
5.1449075
5.0553555
5.056583
5.0523963
5.057944
5.0353637
5.0472236
5.0899835
4.962457
5.028209
5.07733
5.0460563
5.053888
5.276834
5.0919733
5.034682
4.9776697
5.078329
5.077582
4.9636207
5.1425366
5.057051
5.1220384
5.124384
5.156025
5.0864854
5.114843
5.125356
4.8937
5.1043572
5.066545
5.0118184
5.014562
5.130957
5.1609716
5.035097
5.0567174
5.1116633
5.131597
5.05746
5.016041
5.0251975
5.0987496
5.144547
5.08317
5.056317
5.0262036
5.1159983
5.000796
5.1098576
5.056771
5.058307
5.078984
5.0646853
5.131787
4.9760613
5.123737
5.1781993
5.1283374
5.0184116
5.249861
5.0811744
5.078757
5.1387424
5.2292323
5.162643
5.1444187
5.3258038
5.0938983
5.15194
5.0541825
5.2170196
5.0988526
5.054197
5.1298833
5.0714107
5.13886
5.1966367
5.096276
5.143202
5.094999
5.0500484
5.0922694
5.1213775
5.148519
5.024029
5.1487784
5.086189
5.1888213
5.076505
5.0349064
5.0987163
4.987079
5.1379294
5.1242714
5.1222763
5.1597524
5.145279
5.0839276
5.009417
5.0619354
5.129728
5.1304364
5.0985713
5.1049876
4.954366
5.060446
5.075596
5.1235986
5.1208444
5.035272
5.066507
5.123162
5.1176534
5.1258407
5.071941
5.1292624
5.05629
5.0717306
5.0733476
5.152744
5.030078
5.150535
5.1351314
5.1228433
5.1181273
5.108124
5.101106
5.081117
5.0748243
5.112267
5.116055
5.0658174
5.1883655
5.0498686
5.0533195
4.9751673
5.126679
5.1647525
5.1221795
5.038388
5.068464
5.0623593
5.0683055
5.105422
5.040246
5.0466714
5.1735883
5.025182
5.1224976
5.090518
5.18588
5.0847435
5.157476
5.080577
5.1220336
5.047954
5.019748
5.1637807
5.206946
5.066718
5.05193
5.1264076
5.1245427
5.097782
5.026294
5.0692053
5.067204
5.107657
4.9700537
5.1444764
5.027243
5.109764
4.961642
5.0496154
5.1208973
5.012284
5.1335306
5.1792936
5.14501
5.0615306
5.1365814
5.04089
5.094377
5.140441
5.0542474
5.151542
5.146876
5.116327
4.945694
5.0238895
5.0820518
5.102541
5.083854
5.071403
5.085304
5.152441
5.1108727
5.0065813
5.0971613
5.11639
5.089179
5.075954
5.0345607
5.2281127
5.0433083
5.1737666
5.06671
5.064089
5.1138353
5.0429735
5.0539184
5.210879
5.133698
5.0983443
5.0625396
5.1714873
5.117164
5.0353484
5.143124
5.00042
4.992849
5.0487704
5.066721
5.077734
5.1292024
5.0672903
5.203975
5.0800824
5.144381
4.987783
5.2847877
5.0895553
5.045605
5.193847
5.1611953
5.105043
4.9431167
5.029843
5.142994
5.1123047
5.0495234
5.137156
5.0862365
5.0727334
5.1141367
5.07888
5.1964974
5.128766
5.020115
5.0863314
5.007172
5.050607
5.1163716
5.079348
5.0533414
5.0929246
5.1190486
5.109485
5.167167
5.0179524
4.962812
5.1072197
5.1207886
5.06492
5.1351357
4.994592
5.2175217
5.1005664
4.9853473
5.101908
5.1204047
5.087404
5.0983157
5.1334996
5.0344625
5.1010375
5.007391
5.068403
5.0580893
4.9489636
5.1603565
5.1036177
5.0581675
5.066443
5.042786
5.096524
5.0000134
5.121838
5.1132464
5.1269965
5.016659
4.965304
5.1263375
5.1197815
5.0186005
5.104443
5.08742
5.1254
5.038595
5.1117167
5.1353545
5.1016374
5.1610956
5.036255
5.0781465
5.06877
5.0982885
5.158338
5.0652013
5.1427946
5.0977683
5.106654
5.0999002
5.114988
5.1050696
5.14401
4.998306
5.1109195
5.151492
5.0850816
5.0031776
5.145806
5.1141
5.05027
4.974117
5.1221156
5.1593156
5.1101575
5.152311
5.0455823
5.0094304
5.1568704
5.0960217
4.9493737
5.1081243
5.0766034
5.0393214
5.0186925
5.137663
5.135266
5.0271163
5.1335917
5.101382
5.172158
4.9979386
5.085509
5.095058
5.1051106
5.124515
5.046887
5.139424
5.142588
5.1175895
5.087091
5.1313767
5.123327
5.028876
5.0553637
5.120494
5.159524
5.0837793
5.1435304
5.1215744
5.076272
5.2426925
5.1243258
5.093202
5.0219407